1.0 0.0 0.0 -1.9161879808352709 1.8844744988336123E-6 0.0 0.0 5.817189618770869E-9 6.944943062881109E-18 
1.1 0.0 0.0 -1.910710553470286 6.481127586538476E-6 0.0 0.0 1.4355675320458283E-8 1.5630144900973734E-16 
1.2000000000000002 0.0 0.0 -1.9032162721358428 1.0220402221634636E-5 0.0 0.0 3.303558830815134E-8 9.042830336712097E-17 
1.3000000000000003 0.0 0.0 -1.889274835209849 1.7360191068170735E-5 0.0 0.0 6.266375490871404E-8 1.2294685392031643E-16 
1.4000000000000004 0.0 0.0 -1.8717382200375963 8.855131295563506E-6 0.0 0.0 9.440793610003574E-8 4.0662203476837024E-16 
1.5000000000000004 0.0 0.0 -1.8528502860369582 1.9915807263119475E-5 0.0 0.0 1.4163738527432513E-7 3.3030054234319345E-16 
1.6000000000000005 0.0 0.0 -1.8237775552031632 1.4582904047693715E-5 0.0 0.0 1.7095920445705362E-7 4.809976474448984E-16 
1.7000000000000006 0.0 0.0 -1.7960660884257007 1.0586354851810938E-5 0.0 0.0 1.9484824248550465E-7 3.873437457717241E-16 
1.8000000000000007 0.0 0.0 -1.7480175581705777 1.237992681393993E-5 0.0 0.0 2.7277375697242876E-7 6.870384548851371E-16 
1.9000000000000008 0.0 0.0 -1.7039073616037697 6.44467434688746E-5 0.0 0.0 3.869510673078621E-7 9.951110547524581E-16 
2.000000000000001 0.0 0.0 -1.6337052055102557 5.211621311289268E-5 0.0 0.0 5.206884208622138E-7 1.5840377282349192E-15 
2.100000000000001 0.0 0.0 -1.5698636751601787 4.785413081394961E-5 0.0 0.0 6.505280785175724E-7 2.2242403009350818E-15 
2.200000000000001 0.0 0.0 -1.481259150710709 9.18748560871856E-5 0.0 0.0 8.826784276393332E-7 3.2042161643535132E-15 
2.300000000000001 0.0 0.0 -1.378452750310579 5.287085707561144E-5 0.0 0.0 1.1602667984354937E-6 4.37582096805018E-15 
2.4000000000000012 0.0 0.0 -1.2656832466607337 7.83190434041806E-5 0.0 0.0 1.370293648427863E-6 9.286414099896813E-15 
2.5000000000000013 0.0 0.0 -1.1644571388942655 4.716807363962851E-5 0.0 0.0 1.457463472747264E-6 3.026158676785766E-14 
2.6000000000000014 0.0 0.0 -1.084531929430235 6.534310876817875E-5 0.0 0.0 1.490763772725863E-6 1.3059516386376832E-14 
2.7000000000000015 0.0 0.0 -1.0103520417112528 1.6350028879773553E-5 0.0 0.0 1.3121378158040263E-6 5.809925680057486E-15 
2.8000000000000016 0.0 0.0 -0.9449828439239081 2.8077502404535664E-5 0.0 0.0 1.160721313862766E-6 5.10050918781261E-15 
2.9000000000000017 0.0 0.0 -0.8980804587915557 8.373851011800803E-6 0.0 0.0 1.1066937101440305E-6 1.830291728131136E-15 
3.0000000000000018 0.0 0.0 -0.8440560815381299 8.64508556589905E-6 0.0 0.0 9.849051109851154E-7 2.29787915959961E-15 
3.100000000000002 0.0 0.0 -0.8075749518427434 2.1524553413679353E-6 0.0 0.0 8.748540810732329E-7 8.44627913358682E-16 
3.200000000000002 0.0 0.0 -0.7688356104141525 6.344139910110325E-6 0.0 0.0 7.510385588431231E-7 2.4953419548615558E-15 
3.300000000000002 0.0 0.0 -0.7362011159538627 2.5876304825174023E-6 0.0 0.0 6.487344362122046E-7 1.5592328542063927E-15 
3.400000000000002 0.0 0.0 -0.7064762157552226 2.3220806996489566E-6 0.0 0.0 5.867489258215884E-7 1.5835477532523144E-15 
3.500000000000002 0.0 0.0 -0.6774334782282297 4.569139273284755E-6 0.0 0.0 5.129236911073696E-7 4.654060315031942E-16 
3.6000000000000023 0.0 0.0 -0.6526970565938175 4.091103337086907E-6 0.0 0.0 4.616462543744296E-7 3.905765545309191E-16 
3.7000000000000024 0.0 0.0 -0.6310702679550637 1.3849684314391603E-6 0.0 0.0 4.4890322795353083E-7 5.831645537972421E-16 
3.8000000000000025 0.0 0.0 -0.6104020393737943 2.097679393842053E-6 0.0 0.0 4.0050884768868853E-7 4.596866066746968E-16 
3.9000000000000026 0.0 0.0 -0.5898893863646452 3.527716390797601E-6 0.0 0.0 3.7141752938673387E-7 4.015882014499159E-16 
