1.5 0.0 0.0 -1.909659059618588 3.3785331692143864E-6 0.0 0.0 7.706453907350882E-9 1.0318713879038343E-17 
1.6 0.0 0.0 -1.8968947222886618 4.364788705731898E-5 0.0 0.0 2.987903178153228E-8 6.100871075967485E-17 
1.7000000000000002 0.0 0.0 -1.8773619667384451 5.9781015187779876E-5 0.0 0.0 9.571096101509439E-8 8.341681442431955E-16 
1.8000000000000003 0.0 0.0 -1.8696000993119237 6.418699767543436E-5 0.0 0.0 1.613968848747847E-7 1.2338459355531921E-15 
1.9000000000000004 0.0 0.0 -1.8452186095749497 4.542639514942188E-5 0.0 0.0 2.400502927428014E-7 2.48888300902729E-16 
2.0000000000000004 0.0 0.0 -1.8133020442466428 6.4374890852465E-5 0.0 0.0 3.786631856264932E-7 5.491602674122536E-15 
2.1000000000000005 0.0 0.0 -1.7740507120189946 5.566132477373032E-5 0.0 0.0 6.237130259367686E-7 1.741294301547569E-15 
2.2000000000000006 0.0 0.0 -1.720757154791766 1.7991956360649363E-4 0.0 0.0 9.485562332995759E-7 2.700411765728147E-14 
2.3000000000000007 0.0 0.0 -1.6804052685234705 2.1169289651570216E-5 0.0 0.0 1.318334874833942E-6 3.4109367206456403E-14 
2.400000000000001 0.0 0.0 -1.5996584458868084 5.841730675555963E-4 0.0 0.0 2.0211504697750225E-6 9.999052204714545E-14 
2.500000000000001 0.0 0.0 -1.547152479883469 8.705204073561671E-5 0.0 0.0 2.173859991616079E-6 6.719099949149863E-14 
2.600000000000001 0.0 0.0 -1.46937866879946 8.117391060444019E-5 0.0 0.0 3.2052298781608537E-6 2.162636801653544E-14 
2.700000000000001 0.0 0.0 -1.3620245580246233 2.283532904650077E-4 0.0 0.0 3.6881823522130623E-6 1.0420840223824883E-13 
2.800000000000001 0.0 0.0 -1.3036131847328636 2.2953611265789616E-4 0.0 0.0 3.927888414679448E-6 8.697878057683297E-14 
2.9000000000000012 0.0 0.0 -1.2177906416583812 2.5649846817326456E-4 0.0 0.0 4.364013973196187E-6 6.854145660700575E-14 
3.0000000000000013 0.0 0.0 -1.1508448502504056 2.983434586458493E-4 0.0 0.0 4.844451310143828E-6 7.68170504870235E-14 
3.1000000000000014 0.0 0.0 -1.0685942210113357 1.6828555863737082E-4 0.0 0.0 4.795245017248718E-6 1.7728904111513336E-14 
3.2000000000000015 0.0 0.0 -1.0349925255178154 1.5532482177662692E-4 0.0 0.0 4.6730389793541166E-6 1.0626003542740645E-13 
3.3000000000000016 0.0 0.0 -0.9485126393897048 6.604725499280342E-5 0.0 0.0 4.000309482055484E-6 6.845316234949782E-14 
3.4000000000000017 0.0 0.0 -0.9074197276689684 1.4039970826262537E-4 0.0 0.0 3.926497216828339E-6 9.174674346716392E-14 
3.5000000000000018 0.0 0.0 -0.871087659262211 1.926825377917732E-5 0.0 0.0 3.6364522871010596E-6 5.736893874830508E-14 
3.600000000000002 0.0 0.0 -0.8471220622172613 4.797806509856623E-5 0.0 0.0 3.5733679038462915E-6 1.98658170390977E-15 
3.700000000000002 0.0 0.0 -0.7921537439938834 1.3036766438310264E-4 0.0 0.0 3.1782753280759352E-6 1.3153093048189594E-14 
3.800000000000002 0.0 0.0 -0.745363462419189 5.946712157404634E-5 0.0 0.0 2.6930189373156475E-6 1.8644750389454132E-14 
3.900000000000002 0.0 0.0 -0.739338182146419 9.932568209640505E-5 0.0 0.0 2.9411789277408847E-6 2.614505440522551E-14 
