1.5 NaN NaN NaN NaN 0.0 0.0 1.787107116099504E-8 2.5210632285761467E-17 
1.6 NaN NaN NaN NaN 0.0 0.0 4.2944774912692664E-8 5.5168633660883226E-17 
1.7000000000000002 NaN NaN NaN NaN 0.0 0.0 7.373914737866252E-8 5.30274033561558E-16 
1.8000000000000003 NaN NaN NaN NaN 0.0 0.0 1.4113957073234747E-7 6.152580075589119E-16 
1.9000000000000004 NaN NaN NaN NaN 0.0 0.0 1.5659151654617052E-7 3.8097793233203486E-16 
2.0000000000000004 NaN NaN NaN NaN 0.0 0.0 2.950175859417746E-7 3.915767588740661E-15 
2.1000000000000005 NaN NaN NaN NaN 0.0 0.0 5.293649280767818E-7 1.3905185997499074E-14 
2.2000000000000006 NaN NaN NaN NaN 0.0 0.0 8.531202624351192E-7 4.9719111375163974E-15 
2.3000000000000007 NaN NaN NaN NaN 0.0 0.0 1.3491372896227172E-6 6.702495480608251E-14 
2.400000000000001 NaN NaN NaN NaN 0.0 0.0 1.7315979371981374E-6 9.61229468371669E-15 
2.500000000000001 NaN NaN NaN NaN 0.0 0.0 2.4851544072155816E-6 1.1106708505810578E-14 
2.600000000000001 NaN NaN NaN NaN 0.0 0.0 2.939274763038918E-6 2.096936784301253E-14 
2.700000000000001 NaN NaN NaN NaN 0.0 0.0 3.3254122360021696E-6 1.8196432546115262E-14 
2.800000000000001 NaN NaN NaN NaN 0.0 0.0 4.5457224593813645E-6 7.742325303149799E-14 
2.9000000000000012 NaN NaN NaN NaN 0.0 0.0 4.370512948021834E-6 4.293843869364379E-14 
3.0000000000000013 NaN NaN NaN NaN 0.0 0.0 4.461227403304592E-6 4.922659829210851E-15 
3.1000000000000014 NaN NaN NaN NaN 0.0 0.0 4.806233787043584E-6 1.202027109789299E-14 
3.2000000000000015 NaN NaN NaN NaN 0.0 0.0 4.439903052937839E-6 2.045292871356594E-14 
3.3000000000000016 NaN NaN NaN NaN 0.0 0.0 4.287612986232685E-6 7.839206596508016E-14 
3.4000000000000017 NaN NaN NaN NaN 0.0 0.0 4.202504749419004E-6 3.266973864938887E-14 
3.5000000000000018 NaN NaN NaN NaN 0.0 0.0 3.851940395074062E-6 7.429251249886238E-14 
3.600000000000002 NaN NaN NaN NaN 0.0 0.0 3.4362762117294294E-6 2.1772512204895737E-14 
3.700000000000002 NaN NaN NaN NaN 0.0 0.0 2.961801699262312E-6 4.452829879070092E-14 
3.800000000000002 NaN NaN NaN NaN 0.0 0.0 2.978226168316939E-6 3.908459687501604E-14 
3.900000000000002 NaN NaN NaN NaN 0.0 0.0 2.6605719437290836E-6 3.3710332739591524E-14 
