2.0 0.0 0.0 -1.92 0.0 0.0 0.0 0.0 0.0 
2.1 0.0 0.0 -1.92 0.0 0.0 0.0 4.028020043991498E-20 0.0 
2.2 0.0 0.0 -1.92 0.0 0.0 0.0 -1.835079379545713E-20 1.6837581646169398E-40 
2.3000000000000003 0.0 0.0 -1.9176 2.8799999998163628E-6 0.0 0.0 -1.678976218714792E-20 0.0 
2.4000000000000004 0.0 0.0 -1.9173942857142858 0.0 0.0 0.0 2.912653061021903E-10 0.0 
2.5000000000000004 0.0 0.0 -1.92 0.0 0.0 0.0 0.0 4.038967834731579E-40 
2.6000000000000005 0.0 0.0 -1.9188 0.0 0.0 0.0 2.8402366860780424E-10 4.03347221647179E-20 
2.7000000000000006 0.0 0.0 -1.915 0.0 0.0 0.0 1.066666666677845E-9 0.0 
2.8000000000000007 0.0 0.0 -1.91312 0.0 0.0 0.0 9.038367347188706E-10 9.40186389105419E-20 
2.900000000000001 0.0 0.0 -1.9176000000000002 0.0 0.0 0.0 2.630011890235952E-10 0.0 
