1.5 0.9864094333333214 7.01590890638659E-8 -1.951142773333295 1.7062751252087618E-7 3.700086680109077E-10 6.067297963125241E-22 2.803449824778031E-9 2.969419507060542E-20 
1.55 0.98361607333332 4.342444378750865E-8 -1.9413275066666402 2.678553292361852E-7 4.878946571960276E-10 3.756453122322444E-23 3.6094208179552472E-9 1.0980198279274932E-20 
1.6 0.9802807733333213 1.2658474638286765E-7 -1.9301628133333397 1.160344806414364E-6 5.921446378370777E-10 5.1287325660772104E-21 3.8226346990230525E-9 2.640184245879116E-19 
1.6500000000000001 0.9757354866666464 1.4550658615648104E-7 -1.915315853333334 3.276829165130014E-7 8.386105852099771E-10 9.687250253466211E-22 5.048367773596307E-9 7.332602170525029E-21 
1.7000000000000002 0.9709457199999837 3.8300754759663834E-7 -1.9002137466666589 2.1691696018409797E-6 1.0093838001665568E-9 6.534547472569514E-21 5.723789782308077E-9 3.5769220906028627E-20 
1.7500000000000002 0.9644864133333361 2.043374188410347E-7 -1.881457093333332 1.2841550251300828E-6 1.3704304025554034E-9 5.722480694579939E-21 7.25958169401885E-9 1.3390964523947812E-19 
1.8000000000000003 0.9581614133333375 2.512131685728903E-8 -1.862075960000004 1.051781718061082E-6 2.1549607851603745E-9 1.9434220625481244E-20 9.54318675009761E-9 3.4771388677658557E-19 
1.8500000000000003 0.9496539799999995 4.619021561232438E-8 -1.8392954399999912 3.3701251404912053E-6 3.04880052255514E-9 7.406392150465643E-20 1.2127951082009016E-8 1.5743104927129477E-19 
1.9000000000000004 0.9387105866666684 2.9312806660739068E-6 -1.8121114266666922 5.732656950938825E-6 4.7335572298231416E-9 1.1660641523937359E-19 1.5587047557475483E-8 5.820239508770103E-20 
1.9500000000000004 0.9278123733333336 1.0392853112738213E-7 -1.7831067733333494 1.0099345943573524E-6 5.474180750376767E-9 2.2024548397971604E-21 1.808801342216759E-8 4.430822035424949E-19 
2.0000000000000004 0.9161697599999945 1.8223233757478294E-6 -1.7537993199999944 3.041343255787758E-6 7.089357548040184E-9 5.611081172082485E-20 2.112030214290738E-8 4.3108369492343455E-19 
2.0500000000000003 0.8958633266666722 1.2029639175144142E-6 -1.712070279999983 1.9127040855417673E-5 1.3675276813472127E-8 2.9749508273999664E-18 3.127411681566243E-8 6.824792791788245E-18 
2.1 0.8803060733333354 5.1037419867212E-7 -1.6770942000000113 6.192538038821155E-7 1.646146452717094E-8 1.6800966017460739E-19 3.5056209482482014E-8 8.237520321227043E-19 
2.15 0.8567229199999901 2.3795253654285176E-6 -1.6357492666666644 4.229732423359346E-6 2.711628890293016E-8 2.0168199249400075E-18 4.6583044012976924E-8 2.160319471846709E-19 
2.1999999999999997 0.8268193733333346 1.441046096699477E-5 -1.5831385999999965 2.6384982947813106E-6 4.438809377207387E-8 5.2604354715966255E-17 6.154170162736853E-8 3.294829525640981E-17 
2.2499999999999996 0.7849253733333351 1.003747414025863E-4 -1.524193013333333 1.3763183800172849E-4 7.656733120557268E-8 3.373447419283431E-16 7.990071724548886E-8 5.737907152906288E-17 
2.2999999999999994 0.7417437466666673 1.2231151338115248E-4 -1.4628482800000036 3.712484379864217E-5 1.3778105192081336E-7 4.417774913549513E-16 1.063676227087782E-7 8.114746945302242E-17 
2.349999999999999 0.6630867133333344 4.999264562827953E-4 -1.3854507733333288 1.2422882195378595E-4 3.8401807830349236E-7 5.487013588844595E-15 1.5885681790944043E-7 7.607232953381977E-16 
2.399999999999999 0.6070512933333301 7.176024804182765E-6 -1.3296816000000051 7.395645388205247E-6 5.037374318443384E-7 1.4221253650628112E-15 1.915053164455497E-7 6.220466480394647E-17 
2.449999999999999 0.557635346666667 2.2358490058393725E-8 -1.2692770533333249 1.758893738431975E-6 6.337744038976458E-7 2.945911855858059E-15 2.092108606729007E-7 1.019224488555575E-17 
2.4999999999999987 0.4810381533333321 8.443808792838427E-4 -1.2115914533333438 1.0339406893399933E-5 9.345936574171027E-7 4.358513912768949E-14 2.373690364346279E-7 2.9457864211982E-16 
2.5499999999999985 0.42833196000000107 5.130510399730223E-4 -1.164763599999993 3.3302010686396796E-5 1.3478138344172696E-6 9.108251701179642E-16 2.622058058488234E-7 8.968092847331555E-21 
2.5999999999999983 0.3784041066666671 2.6159979342786253E-4 -1.1221161066666732 2.008886145775717E-9 1.448524000192156E-6 1.692838798946421E-14 2.79387890785864E-7 2.42150597160374E-16 
2.649999999999998 0.2913547066666662 1.4434842644900182E-4 -1.0634606133333262 1.6992849231898402E-5 1.7969401311281075E-6 4.062887272058438E-15 2.8632277844544066E-7 2.8324274870298383E-16 
2.699999999999998 0.21990641333333336 1.067912909737094E-5 -1.0178724133333292 6.122138440713911E-6 1.8470320750833968E-6 5.265809480222261E-15 2.712513333218354E-7 2.10367146102951E-17 
2.749999999999998 0.21021189333333268 1.283313310024748E-4 -0.990155866666667 6.838510121459607E-7 1.6815397525441648E-6 1.190880721016941E-14 2.560646278475418E-7 3.560855316318694E-17 
2.7999999999999976 0.19749746666666668 8.196191068641485E-5 -0.968994346666669 1.0782427323323217E-5 1.6530703173564746E-6 1.4034976522555415E-14 2.471577208574429E-7 5.795229129124182E-18 
2.8499999999999974 0.19039436000000012 2.72479140915319E-6 -0.9409786266666712 2.10578397343748E-6 1.4424216841685393E-6 7.443255855922703E-16 2.352484007915358E-7 4.1015417803798986E-17 
2.8999999999999972 0.1511383599999998 2.788816102669332E-5 -0.9084559066666626 1.3958940677927163E-5 1.4491014470099326E-6 4.679240163218305E-24 2.301176207562523E-7 4.9008486930413105E-17 
2.949999999999997 0.1389769600000002 2.928575791869948E-5 -0.8801237066666655 1.818523866448018E-6 1.3012405072266593E-6 9.652115425836523E-16 2.164634976173572E-7 1.0886411969394548E-16 
