1.5 9867.227519999833 4.182377236006728 -19518.702719999656 49.373024226586985 3.66203012089746E-9 4.106963419608511E-20 2.771077928575968E-8 3.060467347253334E-18 
1.51 9861.108479999844 3.140389536555748 -19497.22943999974 35.341921331758584 4.580533219171705E-9 2.2261183023763227E-20 3.2753697959799234E-8 9.675595577923388E-19 
1.52 9856.158559999842 4.60358742254928 -19479.813759999728 39.912781101256925 4.638580766263819E-9 3.8599469465730944E-20 3.384226852764425E-8 2.3768477458188243E-18 
1.53 9848.210719999832 6.257700279274385 -19455.422079999797 52.12412592688259 5.039760455096207E-9 5.58595332768519E-20 3.477005551354041E-8 2.036073058042749E-18 
1.54 9843.09359999983 4.232804999749918 -19438.422719999766 7.081894283709801 5.323278802902921E-9 1.2595574455082511E-20 3.6070188945996616E-8 3.6924436571414354E-19 
1.55 9834.822239999834 5.493823989142007 -19409.750399999793 49.06074136866959 5.78719627744172E-9 9.908584416081186E-20 3.8601475483207096E-8 1.763051237932237E-18 
1.56 9829.31663999982 2.4486865109665628 -19392.376959999816 12.546716499271913 5.689471103860655E-9 1.682292663415922E-19 3.763290937493038E-8 3.766251043286773E-18 
1.57 9821.683199999814 3.60736247009211 -19369.23903999987 18.029230207319138 6.1116774269620945E-9 1.0766415326910327E-19 3.904638868245128E-8 5.742509184732672E-19 
1.58 9814.779039999838 9.028956386402553 -19343.079999999864 46.369191194975215 6.479578201236701E-9 2.080234421072973E-19 4.0128118139289365E-8 3.037080216199675E-18 
1.59 9802.765439999806 7.907641208356959 -19304.06271999999 85.3943146960197 6.762105840847745E-9 9.600279097816535E-20 4.170977446144731E-8 8.586166604593783E-19 
1.6 9798.225599999858 4.706637001036336 -19286.595839999973 63.48454616564294 6.933134067999002E-9 4.3170683559844957E-19 4.411164706506764E-8 1.089757485343608E-17 
1.61 9788.84863999984 11.526405090579322 -19258.95199999995 43.07802344605658 7.779099020822282E-9 3.781692637620616E-19 4.505495739135494E-8 5.282505766449943E-18 
1.62 9774.455679999852 0.5456718326788107 -19215.292480000033 10.408199777629463 8.32061603786674E-9 1.9549421951426653E-19 4.711676867555798E-8 1.2725247813710122E-18 
1.6300000000000001 9774.601919999832 33.75910049293083 -19210.19776000003 250.57352111796274 7.640751543197101E-9 1.2775216095750214E-19 4.5675530583153194E-8 1.628795328829782E-18 
1.6400000000000001 9763.672639999833 23.444574569696982 -19177.335360000034 115.05377351566608 8.693340407832E-9 2.1139789674104944E-19 5.088356781729986E-8 8.304938220907813E-18 
1.6500000000000001 9752.641279999849 2.7617314111880695 -19143.662720000044 14.37928749582071 8.862602236668669E-9 4.590808846974601E-19 4.852417326147561E-8 5.2632331483244114E-18 
1.6600000000000001 9745.151359999869 1.8993577414380067 -19119.831360000047 15.703835474788368 8.945782457775108E-9 2.6079759961409673E-19 4.885666502498846E-8 1.0064055653231391E-17 
1.6700000000000002 9736.121919999845 14.428403182570552 -19090.766399999957 142.64837173865573 9.55697693251165E-9 1.0824809624427653E-18 5.112612413807976E-8 2.5986545963337947E-17 
1.6800000000000002 9722.002879999874 1.7685123385162327 -19046.103040000024 19.904282761080154 9.703166651328773E-9 9.652817096183245E-19 5.063259099431665E-8 1.7234719277801076E-17 
1.6900000000000002 9712.466879999838 0.7069610345595725 -19013.718400000016 14.481214369187793 1.0377980524060635E-8 1.0755154402312257E-19 5.564759083350295E-8 2.5743379656510327E-18 
1.7000000000000002 9700.923519999926 13.499529986222683 -18981.814399999937 72.72561750044883 1.1409334761157487E-8 5.013599292403811E-19 5.8390676031354545E-8 3.2507665092660332E-18 
1.7100000000000002 9696.2873599999 2.1626159451444513 -18970.577279999983 13.881389600822379 1.200077261419061E-8 1.6730899450165637E-19 5.987106539769971E-8 1.2249536889778145E-17 
1.7200000000000002 9680.665279999961 45.806496621341324 -18918.09472 201.12641887964767 1.1929916507723387E-8 1.2254897924661114E-18 5.83286539246066E-8 2.3726043856558018E-17 
1.7300000000000002 9666.103199999989 17.03939685664813 -18878.15871999989 88.8855470440472 1.293090534033091E-8 1.5855219807285545E-18 6.032106827451484E-8 1.8281818231089E-17 
1.7400000000000002 9655.047199999965 11.018125792531777 -18843.283519999928 75.8434063359696 1.4587421306684432E-8 6.10863763427018E-20 6.784397924871382E-8 5.74246046931125E-18 
1.7500000000000002 9635.409599999966 13.382169178134912 -18787.71007999995 85.53727027642303 1.4726512504376538E-8 1.9569259617951127E-18 6.541719374177881E-8 2.282349206744317E-17 
1.7600000000000002 9630.697759999988 19.521304328824304 -18772.96351999997 96.35421897039974 1.5558296050160505E-8 1.872951331767043E-18 6.625461407330616E-8 8.453195727012127E-18 
1.7700000000000002 9614.806559999992 1.1940073034452237 -18716.05407999994 93.07159161488451 1.409546669296133E-8 3.839990082996451E-19 6.308515260868215E-8 1.2094219107614842E-17 
1.7800000000000002 9600.641280000014 38.267203737529265 -18685.229119999913 46.028032746335754 1.717435287663672E-8 5.701209667083731E-18 6.758388487566156E-8 1.575498730005145E-17 
1.7900000000000003 9580.34255999998 16.528715327220823 -18626.457599999932 39.08261046258264 1.8836902812030013E-8 3.708722483116584E-18 7.216927452930322E-8 1.9656587138780157E-17 
1.8000000000000003 9569.97248 31.756308162896488 -18600.940480000012 187.04966012095713 1.7718513104804222E-8 4.978457354018097E-19 7.177511516979986E-8 1.8313810851198614E-17 
1.8100000000000003 9554.002080000002 0.5141461550729188 -18557.070399999964 6.757946801732957 1.9455263473280962E-8 2.027284614961081E-18 7.431141401428591E-8 1.447689966560619E-17 
1.8200000000000003 9536.550560000027 76.76361137900267 -18513.35263999998 482.0939115084391 2.483465899544473E-8 1.2724813101713679E-17 8.054561663790106E-8 2.1247243175869052E-17 
1.8300000000000003 9514.729920000016 41.246539344677224 -18446.150719999994 183.76538451352374 2.4027294763720343E-8 4.4528839064409754E-18 8.429152340364945E-8 2.8031273339112585E-17 
1.8400000000000003 9501.8472 9.432150566016523 -18415.49951999996 158.4996144024364 2.1774563075876753E-8 3.025887623432148E-18 7.843408636164206E-8 3.942118278254061E-17 
1.8500000000000003 9491.555680000009 78.16975935007805 -18374.761920000037 149.42313252856545 2.2994151284924426E-8 1.7239063187636554E-18 8.375513246715442E-8 1.0583035635734911E-17 
1.8600000000000003 9474.133759999999 58.413775810826934 -18334.86240000002 167.9675958089535 2.525401139961685E-8 4.810261659582168E-18 8.709806012813234E-8 2.3282903895587716E-17 
1.8700000000000003 9457.441759999989 20.079096893849677 -18281.69280000004 59.31831438094873 2.405456274647452E-8 2.4672499457224644E-18 8.437652164043573E-8 1.592508566850785E-17 
1.8800000000000003 9422.928960000014 42.93413695166878 -18205.855360000114 204.59589939518756 2.9583110247803485E-8 5.527490887387681E-18 9.21446133883382E-8 2.629322622744264E-17 
1.8900000000000003 9397.807519999997 170.85526433045422 -18145.170880000114 517.4238070253983 3.439639478533349E-8 1.8512828293066798E-17 1.0092003333153074E-7 5.289442577695979E-17 
1.9000000000000004 9378.147999999983 51.96568558984716 -18097.11232000016 221.4600644149134 4.110734065042177E-8 4.6231622569979036E-17 1.0947885876411706E-7 8.722970920783025E-18 
1.9100000000000004 9346.30063999998 102.72301107650108 -18016.77536000016 386.2124138373732 4.007994102762582E-8 2.023823752003407E-17 1.0669205216348992E-7 4.92803271573523E-17 
1.9200000000000004 9357.852319999958 278.52397488562235 -18011.528960000163 1165.249531956617 2.943580726469848E-8 3.75325250196474E-18 9.280543901468626E-8 1.4959907909360417E-17 
1.9300000000000004 9337.003039999996 191.2566152976051 -17969.72928000015 557.84680001837 4.28407675523561E-8 2.9299911291274202E-16 1.0933312889744089E-7 2.1242256632118357E-16 
1.9400000000000004 9311.993279999977 445.1184687229633 -17908.397440000153 1554.5133343160437 3.926135768174052E-8 8.200148407897236E-17 1.0817160153620858E-7 2.168179227976916E-16 
1.9500000000000004 9281.647519999995 127.3822186062538 -17828.895040000178 513.3438297919547 4.1546285567943924E-8 7.81618495422593E-18 1.1489780817589515E-7 8.354148710689037E-17 
1.9600000000000004 9256.460480000016 78.8254734380043 -17766.542720000107 394.0988613670239 4.549206052179803E-8 5.744792544633272E-18 1.1842800679643022E-7 5.1521858172224075E-17 
1.9700000000000004 9191.84512000002 463.20348148054353 -17659.792640000076 543.7825512252398 5.2684621488710144E-8 1.703548715440571E-17 1.0762164161472366E-7 1.8188078540296246E-17 
1.9800000000000004 9188.071519999994 465.0884720151038 -17621.420160000103 491.6415923117993 5.1354975843911916E-8 3.330521214296675E-17 1.1959885413596746E-7 7.84001083380419E-17 
1.9900000000000004 9170.44912000004 4.709673224016659 -17575.858560000044 127.9459513713176 5.548881870813501E-8 1.0293644705223506E-17 1.2561978945516508E-7 1.9194160402745814E-17 
2.0000000000000004 9106.155040000018 483.0474061863259 -17456.53888000006 1794.6080635098936 7.407538834653501E-8 1.0725441857705212E-16 1.3854878855465986E-7 7.325469936521581E-17 
2.0100000000000002 9085.339200000017 241.81380240729735 -17392.947200000017 269.2907963911709 7.499153972893338E-8 5.515102299750659E-17 1.325606057801026E-7 6.768164792775711E-17 
2.02 9031.646720000039 734.7904919431254 -17297.172799999953 859.2209093487799 9.588815782243825E-8 1.0704287034456994E-15 1.4893266807892117E-7 1.331145948159857E-16 
2.03 9030.541920000056 1315.5739698740083 -17269.543679999948 1312.2545957798923 7.476143308769089E-8 1.9712050884420354E-16 1.4023824023982405E-7 1.440200618839111E-16 
2.0399999999999996 9027.172480000034 432.4054724559451 -17230.890559999923 531.3040618578489 6.704188056131966E-8 1.6939583840232522E-17 1.3983864303027395E-7 3.29880140127133E-17 
2.0499999999999994 8900.414720000079 8133.129636611594 -17049.467520000013 3317.1630707169434 1.4195455613349698E-7 1.208508407675556E-14 1.6471783268107286E-7 3.458791454120433E-16 
2.059999999999999 8922.996960000066 388.6326985704329 -17040.82495999996 741.2202050815265 9.040378957928652E-8 1.461230974706281E-16 1.4287673116179443E-7 4.212676715780127E-17 
2.069999999999999 8885.305760000056 1417.6907916320408 -16955.603839999952 2292.574201120977 9.155673543482059E-8 2.117747242811569E-16 1.5723235629309427E-7 3.2425000874992924E-16 
2.0799999999999987 8853.924320000058 223.9795452893418 -16890.308799999973 814.3673816739382 8.7195514429287E-8 4.010578280894308E-17 1.4438884446495102E-7 3.9434527798970196E-17 
2.0899999999999985 8774.76304000006 867.3414476495744 -16764.71456000001 1265.8785804633283 1.1386090750507958E-7 4.36656458713942E-16 1.63404741322366E-7 3.0107700435112897E-16 
2.0999999999999983 8727.052800000038 2412.979246507486 -16686.290880000037 2207.5948261308636 1.2843781818263632E-7 1.1991934584364543E-15 1.645592714384248E-7 1.346299500172808E-16 
2.109999999999998 8676.604320000039 4288.605106260308 -16585.848000000075 3002.237043274534 1.3746934474595714E-7 1.0039091078372449E-15 1.783573783567403E-7 1.485710701259445E-16 
2.119999999999998 8619.842080000011 1759.4506811206238 -16503.963520000074 410.7306464789504 1.6047178892570538E-7 5.785941578091702E-16 1.7317397860320394E-7 5.863061246574347E-17 
2.1299999999999977 8479.22192000001 40340.892269208554 -16321.365760000073 14877.786130620265 2.7098844787150796E-7 2.2198763705357645E-14 2.1185409792331117E-7 5.961952075739812E-16 
2.1399999999999975 8496.718080000024 6197.286269059764 -16282.511680000029 6239.043137651638 1.7187468226249096E-7 3.973105407167087E-15 1.7085933577545787E-7 7.094977951719905E-16 
2.1499999999999972 8421.842240000004 4226.440156746441 -16184.706880000027 6142.108917985225 2.1487945714992014E-7 2.7699820999283955E-16 1.945924524633545E-7 2.581741081113248E-16 
2.159999999999997 8345.428320000028 371.568932835333 -16003.783999999996 2308.7124409442367 2.026397112767809E-7 3.3707153716700644E-15 2.0478317965867188E-7 6.961378335312203E-16 
2.169999999999997 8217.423999999992 51104.44095764193 -15929.064320000029 11669.10417860059 5.456018020095783E-7 2.243247499204982E-13 2.661759242291446E-7 3.0458832319579953E-15 
2.1799999999999966 8005.313920000006 156059.52994303693 -15744.736640000008 52427.16082282325 6.973053263618873E-7 4.264655841167954E-13 2.5676262051659487E-7 3.2858064326393593E-15 
2.1899999999999964 8020.204000000008 22243.157167658246 -15652.721600000008 6163.54481115801 3.72435893251735E-7 4.668573179564221E-15 2.5353037122492403E-7 1.55480417017398E-16 
2.199999999999996 7912.20496000002 23213.603431450527 -15520.725120000041 7273.581544821291 4.502490961844889E-7 3.0782232376586745E-14 2.579616497682647E-7 3.526658135634586E-17 
2.209999999999996 7875.7505600000295 6927.140582105644 -15423.885440000036 3043.908889040594 3.9110068782080066E-7 6.949067237226132E-15 2.5943755117838457E-7 5.056209048562952E-16 
2.2199999999999958 7873.704640000018 17769.897810371076 -15346.362880000062 9964.457767244834 3.633630775007072E-7 1.0939447471122349E-14 2.4970794401326246E-7 2.0227255150129545E-16 
2.2299999999999955 7757.316959999994 1437.9935412993943 -15233.064639999986 2534.484360428963 4.758856575103167E-7 4.111339847516054E-16 2.8890661123053394E-7 2.1478357012268967E-16 
2.2399999999999953 7695.363840000023 851.7397450959952 -15090.294079999987 433.49714533440243 3.8821114863287606E-7 5.1023920060643265E-15 2.65713840074313E-7 7.632919240199854E-16 
2.249999999999995 7409.18319999999 2465.628081947665 -14885.995839999954 6121.20477434753 5.96235930923937E-7 1.3989743694294869E-15 2.8150887124545545E-7 9.871365938503593E-17 
2.259999999999995 7057.819039999992 20339.06091717894 -14626.12639999997 3799.322896411118 1.2293974144977824E-6 1.4891611257090144E-13 3.9257454065249175E-7 1.1196739339695402E-15 
2.2699999999999947 6914.515839999987 78151.25250228954 -14489.420480000024 16361.765916384833 1.5383936402755982E-6 8.280719467812578E-13 3.775752539324855E-7 8.879414784864664E-16 
2.2799999999999945 6895.156959999986 31776.377075801098 -14379.183359999977 16353.15666299488 1.2208413807867011E-6 4.0058332018711717E-14 4.361975440901942E-7 2.442034849708754E-15 
2.2899999999999943 7213.047200000005 13571.591541053836 -14490.186879999965 1990.0702969759047 6.105126637804669E-7 1.6205659328255123E-14 3.0880819432659747E-7 7.953464866940119E-17 
2.299999999999994 6355.645599999977 639226.9159917285 -14091.063359999982 20335.252583570775 1.8618424176343454E-6 1.282770215338268E-13 3.5382643514050416E-7 1.42329300778376E-15 
2.309999999999994 6142.767839999971 121660.43760314421 -13874.832640000031 10956.630720417681 1.9931969760091106E-6 1.1206424270562936E-13 4.0856652036002176E-7 2.8046418194156073E-15 
2.3199999999999936 5879.769920000002 260836.13471178105 -13671.866559999995 19160.869864563527 2.263740388065529E-6 7.047334046789164E-13 4.1809176811461E-7 1.6852401751002235E-15 
2.3299999999999934 5667.289919999991 148838.67242347923 -13634.060799999981 15326.663333080567 4.253234737752745E-6 4.187833824191708E-12 4.59527790390757E-7 7.082719414335899E-15 
2.339999999999993 5755.797599999988 410259.85545652854 -13513.731519999967 19737.65141990394 2.9527406160729305E-6 4.988785564113892E-12 4.1839064112336323E-7 1.197522446930407E-15 
2.349999999999993 5013.509599999998 527518.3257351511 -13211.549760000005 43200.97131390227 4.877837508480031E-6 7.007274718407196E-12 4.966935745009415E-7 9.539720096404974E-15 
2.3599999999999928 4423.502559999994 99136.34541576725 -13013.023040000011 12686.609473123213 6.473017271672432E-6 1.6059594154125094E-12 5.179341585794638E-7 7.609679755319312E-16 
2.3699999999999926 4796.731039999993 165400.323762528 -12954.185599999983 13492.250439472296 3.844404691965733E-6 2.9130984699424094E-12 4.71721207640497E-7 1.2189766954006774E-15 
2.3799999999999923 4414.4967999999935 423040.469488915 -12738.91295999994 8024.452401907238 3.5991856774359156E-6 2.3102641452780628E-12 4.5376581286695545E-7 1.0536356388048882E-15 
2.389999999999992 4024.2880000000014 61761.665388766065 -12602.932159999993 6819.995303664846 6.9681555392793525E-6 4.482625461411081E-12 5.552175685955571E-7 3.5444618561135013E-15 
2.399999999999992 3606.8739200000064 162579.573211055 -12456.138239999938 9441.92699871057 5.355428084501153E-6 1.5696976158256404E-12 4.83281008928752E-7 9.070452313606055E-16 
2.4099999999999917 3796.603520000005 91095.11423006521 -12265.345279999956 6113.558596808856 3.904691122430959E-6 5.264105244517149E-13 4.655131004916145E-7 3.3565266690049474E-15 
2.4199999999999915 2833.8799999999983 89892.31388889447 -12071.78975999998 8104.588287753344 6.860610332731903E-6 1.5747287379651293E-12 5.684071811413387E-7 5.589699598133507E-16 
2.4299999999999913 3165.219200000005 141606.37414041764 -12066.695039999948 1523.0957102740358 5.432976622555169E-6 3.6014426182814113E-13 5.128857828811662E-7 1.1216985333002208E-15 
2.439999999999991 2725.627519999996 24150.554697852123 -11853.973119999991 3985.8918986835797 5.787191501289587E-6 1.643609672833412E-13 5.066027060639294E-7 1.7504734447981338E-15 
2.449999999999991 3116.670399999999 51175.408012471715 -11822.151040000006 8682.015610382103 5.615615906003725E-6 7.345220183235966E-13 5.389771669482185E-7 1.435744889245144E-15 
2.4599999999999906 3122.739679999996 28920.502778880462 -11809.999039999973 2029.1321648228095 5.9631361606124815E-6 2.3973817628361957E-13 5.17438056141023E-7 4.0693166193305453E-16 
2.4699999999999904 2620.843679999991 49612.62874713073 -11623.634880000003 1989.1184396162662 4.601482188416263E-6 4.750910700513033E-13 4.947967441258993E-7 1.2130404822842282E-15 
2.47999999999999 2493.2956799999965 67017.39878472862 -11558.014079999974 1765.1843196041034 6.043236643578903E-6 4.542268818028862E-13 4.855916415453379E-7 2.7719493777023783E-16 
2.48999999999999 2479.5910399999975 111383.06792804187 -11458.882879999936 7930.071746058081 5.7847240004358456E-6 9.20108835077901E-13 5.438630811269334E-7 2.8783143766960115E-15 
2.49999999999999 2456.032000000002 58055.63358676657 -11370.025279999954 2257.492392931959 5.761694006590364E-6 2.0271189464471042E-13 5.336388003275418E-7 7.209813316938239E-16 
2.5099999999999896 2160.8371199999974 199299.06312868593 -11185.203839999987 1762.881128960028 5.1084048404827925E-6 2.1763314390264602E-13 5.096197155214905E-7 6.920606328363985E-16 
2.5199999999999894 2011.9004799999977 60737.30306336702 -11155.471359999965 3382.7725830457616 4.6508994412923185E-6 4.3937907073880474E-13 4.651562504824075E-7 3.830644010813267E-16 
2.529999999999989 2043.7001600000033 9613.338113672358 -11046.455999999976 3005.103256372671 5.055313997797738E-6 2.0769096186177926E-13 4.842312926669723E-7 3.785580718832829E-16 
2.539999999999989 2052.4705600000007 12430.531743908254 -10988.358399999974 2278.1232318209513 4.633403036113003E-6 4.095245463464654E-13 5.003860528416389E-7 3.935398161124224E-16 
2.5499999999999887 1945.3175999999949 7807.655893611215 -10827.22623999996 334.1366473616628 4.7552539528692945E-6 6.62290075920849E-14 4.7657477722641657E-7 1.564584437049725E-15 
2.5599999999999885 2061.0539200000057 42152.19987572067 -10889.972799999967 2802.0110437985722 4.533874073741063E-6 4.510531972056718E-14 4.425140146441705E-7 2.2762945369029917E-16 
2.5699999999999883 1763.4281600000008 18021.07328476787 -10756.191359999997 627.3515936405161 4.807492137192331E-6 8.433597175773856E-14 4.7157026202029436E-7 7.229418453080307E-16 
2.579999999999988 1817.4912000000027 63930.39090735136 -10672.806399999992 2791.2796008544938 4.3111011486042035E-6 1.3198816642906792E-13 4.516975849260128E-7 7.60013980212207E-16 
2.589999999999988 1586.682880000004 56136.65400090987 -10546.534720000018 2027.6530681243314 4.065727143123621E-6 2.1061611282909736E-13 4.243413761619592E-7 4.3379991738859133E-16 
2.5999999999999877 1601.2075200000031 22979.966235594435 -10504.130240000019 172.55266236441864 4.6399670596138275E-6 1.6133208233112708E-13 5.042733427644207E-7 2.1529125052212168E-15 
2.6099999999999874 1572.9419200000036 6566.956943567589 -10364.892800000001 1909.142615962365 4.024988165940264E-6 8.940182839541396E-14 4.797681238756856E-7 6.923157038420598E-17 
2.6199999999999872 1443.7198400000048 32325.264720465188 -10317.187839999997 728.482119358704 3.503605919967837E-6 3.127091732289089E-14 4.078534763562673E-7 3.293011160368508E-16 
2.629999999999987 1244.8483200000005 16744.42170882603 -10191.30016000001 444.9539500875263 3.006670948971546E-6 1.4117840498267473E-13 4.0597988864603854E-7 5.958741389126288E-16 
2.639999999999987 1490.966560000005 5257.243204227227 -10253.54528000001 1806.5558958144968 3.611631325267274E-6 8.212825180889447E-14 4.3152216086186697E-7 5.354636111922993E-16 
2.6499999999999866 1429.668640000007 9249.332666899392 -10106.966079999987 1914.5532014406688 3.3711016514999205E-6 5.37444002218336E-14 4.192808806329686E-7 1.3712357640881103E-16 
2.6599999999999864 1381.395360000006 3082.2308560299857 -10062.279999999979 858.5894947867506 3.6608333447024427E-6 3.442857264966463E-14 4.5565506451782547E-7 7.617734832612206E-16 
2.669999999999986 1392.9040000000018 14959.453439388746 -9998.407999999989 944.4608666780647 3.1225391093181846E-6 4.2347876640935874E-14 4.039003917793418E-7 2.9227968242906316E-16 
2.679999999999986 1380.372480000004 7252.703518926676 -9946.373759999997 1982.5281263649053 3.1596956182020754E-6 1.229206770966201E-14 4.021297922360386E-7 3.3060119486847043E-16 
2.6899999999999857 1411.177600000004 3326.960103123739 -9868.249279999993 2820.857697912942 3.2869513501571402E-6 9.636447771990474E-15 4.624534434039925E-7 3.3308816547290564E-16 
2.6999999999999855 1327.8723200000034 2263.5814603835197 -9822.820480000017 1081.336999876035 2.807321559048436E-6 8.443764039622354E-15 3.9171070120468626E-7 4.0212577724852397E-16 
2.7099999999999853 1249.9355200000045 3051.300407845282 -9733.312960000023 146.80919377490133 3.0944332246211706E-6 2.3856501951474263E-14 4.1612072458038393E-7 2.1523409039173423E-16 
2.719999999999985 1184.3712000000012 1853.6218208598063 -9669.072000000018 343.43232269133705 2.9082154359594555E-6 2.387940627444274E-14 3.8177907481365E-7 3.1680977598709293E-16 
2.729999999999985 1081.603840000003 10687.056366180632 -9623.147840000016 1125.7406492300327 2.7412011355481808E-6 8.292705964653982E-15 3.869980397055529E-7 7.603743496865512E-17 
2.7399999999999847 1210.0676800000047 25656.131762713005 -9548.135680000025 1496.2655256836804 2.681105373700728E-6 1.0305005975579492E-14 4.1587587542826405E-7 3.254737456768697E-16 
2.7499999999999845 1142.7723200000032 24673.89288014018 -9514.904640000022 1652.1344841657544 2.6626121774056468E-6 9.521684972478335E-14 3.6934430968196466E-7 1.1059016851997518E-16 
2.7599999999999842 1028.5646400000041 462.09267176355024 -9446.21792 579.5889708395356 2.5013357760684892E-6 4.1264171100862846E-14 3.7006935490368417E-7 4.796891405963244E-16 
2.769999999999984 987.2824000000022 1764.5271941509154 -9382.271680000029 328.38177339517125 2.3304362197164196E-6 1.4123771761287274E-14 3.6611398752752497E-7 5.936806938429427E-16 
2.779999999999984 958.3043200000047 1200.7479046849326 -9311.410880000018 446.83797311689636 2.257012239065355E-6 3.3715659786066965E-15 3.4256925504372847E-7 3.5278822783617375E-16 
2.7899999999999836 1057.7761600000044 6088.29552397327 -9292.527040000048 680.0060095253599 2.564390588027953E-6 7.968444532772115E-15 3.5867448935073374E-7 3.2047385537788703E-17 
2.7999999999999834 1048.212800000002 3714.248195901696 -9214.780800000033 74.81064332051437 2.4183397638053167E-6 3.772146606720974E-14 3.848521278537255E-7 3.0741432365509265E-16 
2.809999999999983 1130.9182400000045 24907.118889639714 -9206.245440000019 334.6611505415489 2.2436761303975344E-6 2.265607360350552E-14 3.6098451933029444E-7 3.0615879273358847E-16 
2.819999999999983 980.0529600000027 1856.4926848457628 -9134.18496000001 1107.4924256133475 2.3436550385059517E-6 2.1079806379939665E-14 3.695489820375635E-7 3.211082171737399E-17 
2.8299999999999828 969.7443200000038 3168.9628579392725 -9086.224640000013 271.42857796838763 2.0435424825022106E-6 6.512517220869851E-15 3.3478254202203603E-7 5.579541803500637E-17 
2.8399999999999825 942.9617600000038 4051.0057316871507 -9033.696640000024 681.4054678686974 2.2918963843679855E-6 1.2806599457022187E-15 3.689730138559107E-7 2.877562713736476E-17 
2.8499999999999823 914.316640000003 2334.5362671339285 -8925.14496000003 610.4219160827598 2.1276865754361805E-6 3.988484400033064E-15 3.486490609676244E-7 1.9891793270394336E-16 
2.859999999999982 998.394720000002 3086.8106866172234 -8899.768320000003 100.2259679092081 1.9621766740406757E-6 9.184599594596854E-15 3.304517133034237E-7 1.461166022185561E-16 
2.869999999999982 945.8484800000009 803.5250976078449 -8857.41024000004 405.5968108640286 2.0214959103966416E-6 9.2439855262118E-15 3.295713622115504E-7 9.45525058714911E-17 
2.8799999999999817 882.6937600000034 5898.016604154266 -8812.635520000002 285.8354132012102 1.8901497141905833E-6 3.980322623206449E-15 3.2786685367864164E-7 1.4077475146720425E-16 
2.8899999999999815 901.0328000000039 3710.015044036278 -8780.97728000003 520.0114106939253 1.878493411642123E-6 3.395019849280923E-14 3.2893605757853004E-7 1.02473975546036E-16 
2.8999999999999813 911.8960000000021 516.4578510348763 -8692.010879999994 223.108730306941 1.9049979448768692E-6 2.3716043165357782E-15 3.304185009416066E-7 7.644532337128349E-17 
2.909999999999981 830.3473600000046 772.2674982153034 -8665.701120000005 807.6164442994857 1.9348623203826065E-6 1.8029106613033588E-14 3.4119510535589274E-7 1.724025692812034E-16 
2.919999999999981 840.4884800000012 373.9092297737562 -8653.518720000002 382.63160153511524 1.799113701367414E-6 1.0891093831363688E-14 3.079860141163441E-7 6.428939444601955E-16 
2.9299999999999806 873.500000000006 914.234475143499 -8586.31264000001 652.5778446678995 1.7351791053759423E-6 1.0977801556807072E-14 3.0021408182884974E-7 1.9995596716889177E-16 
2.9399999999999804 720.2817600000042 1153.4374700835258 -8530.67456 257.9854092209595 1.5747804545356873E-6 1.1775975253006568E-14 2.972653685221865E-7 1.05789744621347E-16 
2.94999999999998 761.1328000000038 293.0025506797436 -8487.666880000002 153.71672970822002 1.5475565208270597E-6 2.020902332339681E-15 2.9738108606752616E-7 1.0054699239480301E-16 
2.95999999999998 756.3662400000037 2115.751003726202 -8451.49408 700.7449199006647 1.5109514753126052E-6 1.4043342343121728E-14 2.8102349293265413E-7 4.702039598949272E-17 
2.9699999999999798 754.1982400000037 5190.974670362641 -8406.776320000015 388.1166408212539 1.6330425832439417E-6 7.465671625928211E-15 2.945334277609707E-7 1.219574285351953E-16 
2.9799999999999796 727.5668800000055 1259.5197462519875 -8334.54880000001 140.35240388126851 1.4846269253929368E-6 1.8119583504997657E-15 2.9538573303848524E-7 9.101110599775393E-17 
2.9899999999999793 727.2168000000054 1096.7285121150646 -8305.07584000001 481.9986730404256 1.4833102732806827E-6 4.086780430302217E-15 2.9505119546682583E-7 1.977327646453107E-16 
