1.5 NaN NaN NaN NaN 0.0 0.0 1.802061173444811E-8 3.6594861869065486E-17 
1.6 NaN NaN NaN NaN 0.0 0.0 3.3395332035678764E-8 1.9005521960387194E-16 
1.7000000000000002 NaN NaN NaN NaN 0.0 0.0 6.539365219745281E-8 2.0899895969253494E-16 
1.8000000000000003 NaN NaN NaN NaN 0.0 0.0 1.2720420220193972E-7 4.73455778283895E-16 
1.9000000000000004 NaN NaN NaN NaN 0.0 0.0 2.162695432544164E-7 1.7320147099943577E-15 
2.0000000000000004 NaN NaN NaN NaN 0.0 0.0 3.908799499410363E-7 2.320962031088099E-15 
2.1000000000000005 NaN NaN NaN NaN 0.0 0.0 5.711714938166056E-7 4.714198242231029E-15 
2.2000000000000006 NaN NaN NaN NaN 0.0 0.0 9.42529866239632E-7 1.6089918569148596E-14 
2.3000000000000007 NaN NaN NaN NaN 0.0 0.0 1.1804904326299708E-6 2.596429154354463E-14 
2.400000000000001 NaN NaN NaN NaN 0.0 0.0 1.7500990554337453E-6 5.2754076323084743E-14 
2.500000000000001 NaN NaN NaN NaN 0.0 0.0 2.3657781862936034E-6 4.212030218161934E-14 
2.600000000000001 NaN NaN NaN NaN 0.0 0.0 2.9234238588115636E-6 3.8641008330980926E-14 
2.700000000000001 NaN NaN NaN NaN 0.0 0.0 3.7071848621153606E-6 4.180504742657601E-14 
2.800000000000001 NaN NaN NaN NaN 0.0 0.0 4.2555566122628954E-6 6.521983201587551E-14 
2.9000000000000012 NaN NaN NaN NaN 0.0 0.0 4.4745709788434905E-6 8.150146594090432E-14 
